0.915614 0.915614 0.915614 0.915614 0.915614 0.915614 0.915614 0.915614 0.915614 0.915614 0.915614 0.915614 0.915614 0.915614 0.915614 0.915614 0.915614 0.915614 0.915614 0.915614 0.915614 0.915614 0.915614 0.915614 
0.915614 0.915614 0.915614 0.915614 0.915614 0.915614 0.915614 0.915614 0.915614 0.915614 0.915614 0.915614 0.915614 0.915614 0.915614 0.915614 0.915614 0.915614 0.915614 0.915614 0.915614 0.915614 0.915614 0.915614 
0.915614 0.915614 0.915614 0.915614 0.915614 0.915614 0.915614 0.915614 0.915614 0.915614 0.915614 0.915614 0.915614 0.915614 0.915614 0.915614 0.915614 0.915614 0.915614 0.915614 0.915614 0.915614 0.915614 0.915614 
0.915614 0.915614 0.91189 0.924104 0.909099 0.761319 0.631441 0.619778 0.672748 0.785926 0.855862 0.905325 0.915614 0.915614 0.915614 0.915614 0.915614 0.915614 0.915614 0.915614 0.915614 0.915614 0.915614 0.915614 
0.915614 0.915614 0.791212 0.582627 0.438252 0.263788 0.306446 0.476136 0.500057 0.529784 0.519363 0.567253 0.569877 0.569877 0.569877 0.569877 0.571119 0.570786 0.56172 0.635414 0.80549 0.900753 0.915614 0.915614 
0.915614 0.915614 0.64574 0.281899 0.182427 0.0831827 0.104485 0.186371 0.289901 0.254542 0.164626 0.117938 0.131978 0.106123 0.0979708 0.0944147 0.15136 0.370402 0.545424 0.564995 0.72337 0.889563 0.915614 0.915614 
0.915614 0.915614 1.02938 0.813523 0.565693 0.525563 0.088217 -0.0747411 -0.162755 0.0637398 0.146616 0.112069 0.188463 0.138844 0.165624 0.144086 0.154577 0.261655 0.427476 0.636295 0.759384 0.906314 0.915614 0.915614 
0.915614 0.915614 1.27809 1.3206 1.04672 0.82745 0.759531 0.576651 0.412484 0.306291 0.409407 0.329521 0.345446 0.365289 0.423804 0.218649 -0.163579 -0.269855 -0.144294 0.357424 0.76429 0.872498 0.915614 0.915614 
0.915614 0.915614 1.11514 1.23022 1.00664 1.11657 1.13984 1.22367 1.17575 0.947325 0.939541 0.870803 0.797108 0.810457 0.62702 0.483305 0.0925377 -0.241074 -0.0142607 0.430788 0.694665 0.827696 0.915614 0.915614 
0.915614 0.915614 0.949264 0.986685 0.93522 0.970963 1.06497 1.0719 1.16408 1.07038 1.14195 1.14402 1.11431 1.04987 0.705244 0.673265 0.60504 0.280657 0.233709 0.542726 0.746566 0.864586 0.915614 0.915614 
0.915614 0.915614 0.915614 0.915614 0.915614 0.915614 0.915614 0.924152 0.952267 0.92609 0.925731 1.00524 0.930707 0.804465 0.630261 0.535997 0.326768 0.229007 0.474391 0.699692 0.872628 0.907379 0.915614 0.915614 
0.915614 0.915614 0.915614 0.915614 0.915614 0.915614 0.915614 0.915614 0.915614 0.915614 0.915614 0.915614 0.829253 0.595429 0.58889 0.617255 0.297487 0.145417 0.574607 0.82421 0.879271 0.915495 0.915614 0.915614 
0.915614 0.915614 0.915614 0.915614 0.915614 0.915614 0.915614 0.915614 0.915614 0.915614 0.915614 0.915215 0.752116 0.649824 0.622494 0.484238 0.261118 0.421297 0.643336 0.809435 0.896652 0.915614 0.915614 0.915614 
0.915614 0.915614 0.915614 0.915614 0.915614 0.915614 0.915614 0.915614 0.915614 0.915614 0.915614 0.897754 0.771946 0.66824 0.575824 0.228624 0.232157 0.575983 0.851786 0.920261 0.915322 0.915614 0.915614 0.915614 
0.915614 0.915614 0.915614 0.915614 0.915614 0.915614 0.915614 0.915614 0.915614 0.915614 0.912289 0.751391 0.689714 0.613064 0.348259 0.219839 0.474972 0.733021 0.859051 0.913111 0.915614 0.915614 0.915614 0.915614 
0.915614 0.915614 0.915614 0.915614 0.915614 0.915614 0.915614 0.915614 0.915614 0.914772 0.807306 0.562006 0.547184 0.521123 0.270407 0.32084 0.629213 0.84179 0.893941 0.915581 0.915614 0.915614 0.915614 0.915614 
0.915614 0.915614 0.915614 0.915614 0.915614 0.915614 0.915614 0.915614 0.915481 0.881298 0.648334 0.441301 0.407745 0.363349 0.266008 0.4644 0.743535 0.864131 0.91523 0.915614 0.915614 0.915614 0.915614 0.915614 
0.915614 0.915614 0.915614 0.915614 0.915614 0.915614 0.915614 0.915614 0.909838 0.639107 0.495345 0.560005 0.402796 0.310312 0.311289 0.633012 0.844629 0.890556 0.915614 0.915614 0.915614 0.915614 0.915614 0.915614 
0.915614 0.915614 0.915614 0.915614 0.915614 0.915614 0.915614 0.91424 0.861299 0.646697 0.410716 0.40883 0.465096 0.265722 0.545861 0.737108 0.877131 0.915236 0.915614 0.915614 0.915614 0.915614 0.915614 0.915614 
0.915614 0.915614 0.915614 0.915614 0.915614 0.915614 0.915614 0.867439 0.603553 0.615919 0.597177 0.421204 0.180284 0.400706 0.609633 0.885481 0.899868 0.915614 0.915614 0.915614 0.915614 0.915614 0.915614 0.915614 
0.915614 0.915614 0.915614 0.915614 0.915614 0.915614 0.91291 0.748854 0.519538 0.480741 0.405884 0.308421 0.20952 0.459955 0.829931 0.90848 0.915382 0.915614 0.915614 0.915614 0.915614 0.915614 0.915614 0.915614 
0.915614 0.915614 0.915614 0.915614 0.915614 0.915614 0.827057 0.61342 0.562535 0.359781 0.0606234 0.00323813 0.291254 0.72932 0.909693 0.914686 0.915614 0.915614 0.915614 0.915614 0.915614 0.915614 0.915614 0.915614 
0.915614 0.915614 0.915614 0.915614 0.915614 0.915614 0.771271 0.65798 0.567619 0.329024 -0.213191 0.108582 0.640867 0.835739 0.888007 0.915607 0.915614 0.915614 0.915614 0.915614 0.915614 0.915614 0.915614 0.915614 
0.915614 0.915614 0.915614 0.915614 0.915614 0.915614 0.882399 0.783793 0.578621 0.703207 0.400031 0.372286 0.713002 0.743856 0.880747 0.915614 0.915614 0.915614 0.915614 0.915614 0.915614 0.915614 0.915614 0.915614 